// 20231022144658
// https://polygons.openstreetmap.fr/get_geojson.py?id=9522398&params=0

{
  "type": "MultiPolygon",
  "coordinates": [
    [
      [
        [
          98.6958389,
          3.5933662
        ],
        [
          98.6959304,
          3.5931313
        ],
        [
          98.6960677,
          3.592334
        ],
        [
          98.6960982,
          3.5920956
        ],
        [
          98.6961516,
          3.5916319
        ],
        [
          98.6961745,
          3.5913565
        ],
        [
          98.6962127,
          3.5906065
        ],
        [
          98.6962279,
          3.5901005
        ],
        [
          98.6962203,
          3.5897136
        ],
        [
          98.6962203,
          3.5896049
        ],
        [
          98.6961745,
          3.5875797
        ],
        [
          98.694908,
          3.5874703
        ],
        [
          98.6947326,
          3.587455
        ],
        [
          98.6946029,
          3.587399
        ],
        [
          98.6932754,
          3.5868099
        ],
        [
          98.6912307,
          3.5865035
        ],
        [
          98.6921309,
          3.5842037
        ],
        [
          98.693283,
          3.5814474
        ],
        [
          98.6933059,
          3.5813727
        ],
        [
          98.6933517,
          3.5812292
        ],
        [
          98.6932067,
          3.581193
        ],
        [
          98.6931151,
          3.5811722
        ],
        [
          98.6929931,
          3.5811515
        ],
        [
          98.6914062,
          3.5808332
        ],
        [
          98.6910857,
          3.5807586
        ],
        [
          98.6909789,
          3.5807347
        ],
        [
          98.6910094,
          3.580184
        ],
        [
          98.6909789,
          3.5792265
        ],
        [
          98.6909484,
          3.5784078
        ],
        [
          98.6909484,
          3.5783327
        ],
        [
          98.6909484,
          3.5782454
        ],
        [
          98.6909408,
          3.5780444
        ],
        [
          98.6909255,
          3.5779605
        ],
        [
          98.6909179,
          3.5778527
        ],
        [
          98.6909179,
          3.5777571
        ],
        [
          98.6909179,
          3.5776794
        ],
        [
          98.690834,
          3.5759287
        ],
        [
          98.6908187,
          3.5752285
        ],
        [
          98.6907577,
          3.5742965
        ],
        [
          98.6907271,
          3.5732932
        ],
        [
          98.6907195,
          3.5729718
        ],
        [
          98.6907119,
          3.572839
        ],
        [
          98.6907043,
          3.5724025
        ],
        [
          98.6913604,
          3.572386
        ],
        [
          98.6915587,
          3.5723879
        ],
        [
          98.6927184,
          3.572361
        ],
        [
          98.695053,
          3.5723074
        ],
        [
          98.6951751,
          3.5723047
        ],
        [
          98.695259,
          3.5723016
        ],
        [
          98.6953353,
          3.5723023
        ],
        [
          98.6954497,
          3.5723023
        ],
        [
          98.695526,
          3.5723004
        ],
        [
          98.6958083,
          3.5723114
        ],
        [
          98.6960143,
          3.5723054
        ],
        [
          98.696083,
          3.5686684
        ],
        [
          98.6965102,
          3.5686426
        ],
        [
          98.6971378,
          3.5686485
        ],
        [
          98.6971663,
          3.5686488
        ],
        [
          98.6975326,
          3.5686398
        ],
        [
          98.6976241,
          3.568635
        ],
        [
          98.6981353,
          3.5686321
        ],
        [
          98.7002257,
          3.5686116
        ],
        [
          98.7030562,
          3.5685356
        ],
        [
          98.7032164,
          3.5685456
        ],
        [
          98.7073974,
          3.5684669
        ],
        [
          98.7078856,
          3.5684459
        ],
        [
          98.7085036,
          3.5684474
        ],
        [
          98.7086867,
          3.5684547
        ],
        [
          98.7086867,
          3.5687385
        ],
        [
          98.7086944,
          3.5688474
        ],
        [
          98.7087096,
          3.5690804
        ],
        [
          98.7087325,
          3.569284
        ],
        [
          98.708763,
          3.5696113
        ],
        [
          98.7087935,
          3.5699968
        ],
        [
          98.7088317,
          3.5702922
        ],
        [
          98.7099914,
          3.5702953
        ],
        [
          98.7101363,
          3.5703085
        ],
        [
          98.7103957,
          3.570293
        ],
        [
          98.7104491,
          3.571378
        ],
        [
          98.7104415,
          3.5716302
        ],
        [
          98.7103805,
          3.5720615
        ],
        [
          98.7104415,
          3.5722084
        ],
        [
          98.7104491,
          3.5725105
        ],
        [
          98.7104644,
          3.5751593
        ],
        [
          98.7104644,
          3.5754151
        ],
        [
          98.710472,
          3.5756292
        ],
        [
          98.7104568,
          3.5761166
        ],
        [
          98.7105636,
          3.5761204
        ],
        [
          98.7105559,
          3.5771849
        ],
        [
          98.7098006,
          3.5772212
        ],
        [
          98.7094649,
          3.5772338
        ],
        [
          98.7094802,
          3.5776248
        ],
        [
          98.7094802,
          3.5786476
        ],
        [
          98.7095336,
          3.5796702
        ],
        [
          98.709526,
          3.5799294
        ],
        [
          98.7093734,
          3.5799308
        ],
        [
          98.7092055,
          3.5799375
        ],
        [
          98.7090377,
          3.5799508
        ],
        [
          98.708496,
          3.5799625
        ],
        [
          98.7083968,
          3.5799663
        ],
        [
          98.7084426,
          3.5819464
        ],
        [
          98.70652,
          3.5820279
        ],
        [
          98.7059554,
          3.5820625
        ],
        [
          98.7060088,
          3.5821612
        ],
        [
          98.7074355,
          3.5854228
        ],
        [
          98.7073134,
          3.5855444
        ],
        [
          98.7059554,
          3.5868223
        ],
        [
          98.7056273,
          3.5871589
        ],
        [
          98.7055282,
          3.5872223
        ],
        [
          98.7048644,
          3.5878418
        ],
        [
          98.7043456,
          3.5883539
        ],
        [
          98.7042542,
          3.5884464
        ],
        [
          98.7042006,
          3.5885227
        ],
        [
          98.7037964,
          3.5889113
        ],
        [
          98.7029343,
          3.5897255
        ],
        [
          98.7011947,
          3.591378
        ],
        [
          98.7009964,
          3.5915647
        ],
        [
          98.7001572,
          3.5923662
        ],
        [
          98.7000338,
          3.5924711
        ],
        [
          98.6999588,
          3.592535
        ],
        [
          98.6994934,
          3.5930035
        ],
        [
          98.6984939,
          3.5939536
        ],
        [
          98.6980515,
          3.5943344
        ],
        [
          98.6977615,
          3.594146
        ],
        [
          98.6969756,
          3.5938242
        ],
        [
          98.6958389,
          3.5933662
        ]
      ]
    ]
  ]
}